2.184132780615089
2.0054884074873303
1.6411309359855997
1.32164522502527
1.0577427649610551
0.7156896029229423
0.4513033608828202
0.4010487626094716
0.32649533387582536
0.6070145891770993
0.6100058972602954
0.8512568334546732
0.7438210338873061
0.7292998021710512
0.3799759081978066
0.06661506684743541
-0.13901667798742706
-0.43085012867168104
-0.4837485576193986
-0.5242195939234153
-0.3718147803271481
-0.12930631992086347
0.14195954682189382
0.5737654134303241
0.5966572585805215
0.6597840729405748
0.4082146469518576
0.3049880314272364
-0.03521336876869201
-0.25055264136453353
-0.5327235954195081
-0.7240127558824453
-0.6332395057071838
-0.6142801932647826
-0.3996291903354277
-0.3116119966566245
-0.2840958458505818
-0.34330348107130515
-0.535897659763498
-0.8234761020708179
-1.0411532036208282
-1.2559072308755834
-1.5221142225470394
-1.535566197461181
-1.560829325643509
-1.2871203958145283
-1.0770656961870946
-0.7300492980127581
-0.47275178489557534
-0.5030927808063127
-0.40312642101821594
-0.5329366514034126
-0.5825506751329402
-0.7509721421716008
-0.6995949572458968
-0.881334966160381
-0.5918804198069385
-0.5647939971780346
-0.26694303753336424
0.020511696225556625
0.21238683236806666
0.337630790621546
0.1888058480732144
0.13264451200773722
-0.1428890600363891
-0.38699261618188713
-0.4199902167191318
-0.5018612354454105
-0.4766934598436347
-0.47520642675177244
-0.2813169332597244
-0.1049948984375492
0.10145113552911564
0.31810328838523505
0.5243582567909348
0.3227972459650234
0.3594278681821248
0.1480424571983472
0.054853696946333186
0.018724028080757932
0.2011772128790603
0.40104073411708907
0.5474029814993994
0.7279382311140692
1.062881699874462
1.234048879738744
1.1508402733402352
1.1748822790323479
1.0365553279436257
0.8975791523083357
0.6181743128398716
0.5178628609238161
0.41272469530040445
0.3713308485259818
0.3559728920151437
0.5783551531126337
0.68388873563769
0.6644037720746215
0.656672041473426
0.6850746555555484
0.42054034871348045
0.24934858020153333
0.05822124381961109
0.026213621504371155
-0.09080668252441623
-0.11814536655816962
0.03299676136833436
0.14657345476506925
0.3394205287779294
0.4041802894697467
0.46356437965177244
0.5405112409156902
0.4785280225726791
0.20695871790213144
0.10280602095712625
-0.028846739368620464
-0.2969406692463584
-0.23020287939922957
-0.2578613403622171
-0.2723020699875737
-0.13235563001683515
-0.05421469149055742
-0.06578427594328046
-0.09612964388339792
-0.234794969775648
-0.40218665967360456
-0.6103696364972051
-0.6708759359350049
-0.7632671813618218
-0.9642830197905546
-0.8084578262479317
-0.7682782931233545
-0.6408821570471851
-0.3947486074735258
-0.35991806128752596
-0.2606214263940986
-0.31600780750350366
-0.3586111910154766
-0.4038863380316446
-0.48713093932276763
-0.64618188848768
-0.5522520837341731
-0.6063927992952639
-0.4090978796765225
-0.4241038476831699
-0.19588439921825138
-0.16834805851364898
-0.046599679926476165
0.0072959787932024775
-0.17588842947600822
-0.1444381820700244
-0.3008666332727818
-0.3520763772200293
-0.5492535406741006
-0.5091205898962723
-0.4076248835232359
-0.2312523860291823
-0.15048148295745145
0.0714172043899737
0.13635265081873985
0.07186026409550124
0.1764537496129572
0.17007234748747416
0.07083430241392308
0.01693204770495107
0.02394295770041298
0.020034773587056205
0.19070502638236506
0.2732443178811876
0.348338869571862
0.5144193132226855
0.6129928258349575
0.7312950904175826
0.5470111096136078
0.5672818520542838
0.5137674163998565
0.2558374848049122
0.17641597449398522
0.21907991766643856
0.26253087858552515
0.3106669684283917
0.44574446326359796
0.5027886087726092
0.6044702503135653
0.5042854918060016
0.39970081042321143
0.45197772723361285
0.23186288725796428
0.22342952104140962
0.06198345083318588
0.004863758921892031
0.02617663476918798
0.22906927147049883
0.30320899408421165
0.3377548847497509
0.4083577869116597
0.5009674145602369
0.43179287766611635
0.4197379507389762
0.2785721118123753
0.19213230816598992
0.05136807216988275
-0.034684435064678325
-0.12923850718982405
-0.0823772130802854
0.0611865898426605
0.11289173238249617
0.03148378723595415
0.17951806227290695
0.1110578128332935
-0.09660002143133667
-0.20463334692797674
-0.27322735956714483
-0.32755953661147597
-0.5111775415747826
-0.3516352577876215
-0.4350930428806278
-0.32379854332233327
-0.3102847371969976
-0.25484793797251165
-0.16968019661434947
-0.2465360846991288
-0.18051819354772988
-0.20443661893154494
-0.2591096995023697
-0.37241882210157895
-0.5080836754413548
-0.4198016550886027
-0.4106127156408334
-0.3005888588229195
-0.316509708913027
-0.22360427918638362
-0.1277053817564531
-0.02027350263954461
-0.19539796299486678
-0.22245505511874245
-0.2966362410489229
-0.3308368695411886
-0.4327562613997321
-0.42258556862162644
-0.31410895611898965
-0.2875419480782943
-0.2046034685471615
-0.0767062096362137
-0.14882867429751076
-0.03386008258582909
-0.09805648272349737
-0.09545501021379046
-0.08820614480787
-0.012993088400634609
-0.030308961946934068
-0.11555547229877125
-0.026314475034173244
-0.10130274781034185
0.0858692304362281
0.07769004380255244
0.17979322737289233
0.21787750836143938
0.307733761519147
0.37992813628279376
0.17245638108758526
0.27000075569376913
0.13935713553744536
0.16095986516682786
0.09539246927097284
0.09363554333116596
0.25151441853849227
0.31807528125305684
0.2570703249760073
0.4022300026027811
0.4047032156913487
0.37835736692401684
0.37850165818091497
0.31574162956926144
0.2421779328071089
0.07732641745527409
0.046353436018893385
0.18979823026560827
0.10585437980046544
0.1323807861455209
0.3480767876021913
0.3355957918104173
0.36180782906610587
0.23882089229012737
0.33099287284591933
0.27252545403365663
0.10293669749951875
0.08651775077544803
0.04468246852338753
0.05910129726716286
0.053474382706890096
0.1100633990298048
0.04925642351273619
0.1871142542979569
0.1778842248906745
0.18983541173339674
0.0059910027973095956
0.06307989715981824
-0.0002563527579352298
-0.10291640670882468
-0.26706483736096454
-0.2938953565858535
-0.158230382953401
-0.14595895617832824
-0.19343797662383425
-0.11734554405717507
0.01868994967548851
-0.08901160929017675
-0.12943893640335602
-0.12762091760529912
-0.15355756759613481
-0.1433643069538442
-0.1850080121245377
-0.17777640600760097
-0.32466184875553644
-0.26741334289285656
-0.14563328412249452
-0.2056379394740523
-0.12735640827805017
-0.12941847696773712
-0.12684099348400293
-0.18086093738796064
-0.17966492602939643
-0.19177689444066312
-0.28590132346009434
-0.310996692555874
-0.18502402264659032
-0.30950486501693697
-0.24496521295397694
-0.05386922260621069
-0.015048643419719579
-0.03902964305873642
0.004808210394725218
-0.10477486974950484
-0.1507589723548175
-0.07884042604534888
-0.046293754892504174
-0.16168459344368974
-0.20571459753562402
-0.09684432892969315
-0.07722649131938383
-0.037214149537376534
0.09790186624722691
0.013581563427779705
0.1814512095488512
0.18482432027619033
0.009413313985589852
0.03652462779686585
0.03136365642469395
0.04238590650885525
-0.023195569973730554
0.007657537070513976
0.04027156257709085
0.1599227386027769
0.12840818048696417
0.212622804765786
0.1823395288913855
0.1519763377049015
0.08484331164614549
0.21779261871543515
0.10154422865127098
0.1760665870986446
-0.008657678212865491
0.0961730453245488
0.0661714244697732
0.2081067257952466
0.17342139656816552
0.20736758310188633
0.2060775774984744
0.2972296911109945
0.1616056203023625
0.08505149500231325
0.22157835756899424
0.06879163325281543
0.00933787563713502
0.15363354320828315
0.13729694045118146
0.152427759324874
0.19778104020947374
0.09862773410788261
0.11106200679927919
0.11393910443477237
0.15440392265860667
0.040013732836659335
0.09776156608936172
-0.01490838748352578
0.00995728125970586
0.03146172585286447
-0.009101445736178514
0.021084433415907662
-0.04249273711755523
-0.004815524984565327
-0.032637156429611944
0.07709370754211246
-0.11280617215080199
-0.07708718126222866
-0.11669506138408386
-0.10774640570923319
-0.057711377287986254
-0.14855405016804926
-0.1234879179156211
-0.06539458834324959
-0.1993123414275531
-0.15054962372671998
-0.13110169997696983
-0.10678628444568346
-0.14427126025023662
-0.06278044342553692
-0.18305959893154536
-0.11018763809732375
-0.20525620366575428
-0.14107406092336397
-0.1834558868032995
-0.08227106230277068
-0.05110782575581693
-0.17543567016492087
-0.16809377838899614
0.011536876576943536
-0.010554301251837123
-0.03458227028197214
-0.0566342200301676
-0.1429936397125705
-0.046422175126316495
-0.17809897990310763
-0.19228127516773796
-0.08177523092260479
0.010751703130461705
-0.11718446983543576
0.07812833685152407
-0.03818477181698452
0.058079755908070116
-0.008176296312759533
0.04147187216784416
-0.006604136118064142
-0.05286025580249425
0.00916522748617813
-0.07516867733834307
0.02370323033746649
0.0062651265624179345
0.04914703727429162
-0.003457260564891318
0.12825527740649081
0.11677187122715471
0.14448505054429533
0.06325887060742381
0.03375147020190386
0.09499381438286741
0.05001466078202068
0.0076743453576643555
0.11680558912671035
0.14833905095081595
0.09366880907385071
0.10408167382640116
0.15318308569487338
0.08386225430545995
0.0659198548441616
0.18172683366365583
0.03171674573433629
0.17271050852032038
0.07836088334696682
0.09024693673110462
0.07697424079575141
0.08646219068668265
0.0034008851902246895
0.11213962230987584
0.19109398525466725
0.2105932297483178
0.07436917411625676
0.022446018188734602
0.08423682239340775
0.0037939238834263506
0.09240647052137754
0.08697796975382456
0.06756759776921091
0.0007106395165897999
-0.004612737909069648
0.024787750183457358
-0.015405479096147423
-0.007957259655917606
-0.014177937644426122
0.06221592633006343
-0.0735925754971648
-0.049387614629419374
0.010493017874252317
-0.1324995324749586
-0.040595045158247224
0.005907778105589678
-0.011151885921694499
-0.025946215061688177
0.010381993233977899
0.04017145351891655
-0.060265801726646404
-0.06126543116170958
-0.13489543827980655
-0.0719512678214474
-0.09685266884866642
-0.10930942934557974
-0.15881249427528837
-0.20554721604858883
-0.19045259227027422
0.003335343504658278
0.020357841348820543
-0.02451621040771705
-0.014118991293243462
-0.1258100889271152
-0.013505670594591623
-0.1249432680307046
-0.008620980213767795
-0.19553174832024195
-0.17370067992315164
-0.11195441604790099
-0.14665918239404155
-0.08371667928337605
-0.06979107893341463
-0.024026233774376453
0.03674144911859456
0.0776291693044994
-0.07065810243490812
0.07205394852218756
-0.07710631118941011
-0.045176731136305465
0.052721360567273876
0.05704060247098431
-0.07860223409352254
-0.005900096453280892
0.10639115025658574
-0.024196964586527692
0.03381969807004653
0.005461272282200641
-0.020328844393345633
0.12890803823201363
0.04186776616848905
-0.017450155119204506
-0.0668586731950364
0.036066394864168384
0.013189665467100785
0.12773042577035587
0.10010371799657891
-0.01615566832745785
0.11205234931182767
0.18104719132821773
0.08297180496098383
-0.0028453914236986483
0.047498911977073274
0.0652065241884313
0.06329799505018611
-0.01712496881669448
-0.007602467656586516
-0.030599640360207153
0.08818208698115534
0.1646560866768077
0.1299236086193169
0.1338897108070728
0.0631957995645437
0.1661072248072965
-0.00790291110018538
0.0345662015747234
0.003973480425603977
0.009157219477321243
0.07698239892307693
0.03337440926062868
0.06172800868822514
0.010019814224316886
-0.03412345717498553
0.05549497163016379
-0.029727654752503774
-0.01753354142420907
0.0619025293781234
-0.08942489772000858
0.012955820482666316
-0.09615675747999652
-0.015108756045164885
-0.12253871033681901
-0.11392500415099165
-0.07711040283037077
0.05238856219709068
-0.057834206411117264
0.009413237724174989
-0.0793440412087107
-0.0038422249271090475
0.01662468561578137
-0.10510369757836945
-0.007182884855261758
0.004967123561726641
-0.11592570484114101
-0.045133693225120564
-0.07493025089156585
-0.004340454197395892
-0.011123876223767544
-0.06347894512238518
-0.12434824867650159
0.041679114114340665
-0.03933910883990217
-0.014214703116774058
0.02371792328093386
-0.0899383931164869
-0.05164473950252361
-0.016565225018166783
0.0043131325003746
-0.023628181788589775
-0.06895653765787282
-0.10617594848096511
-0.012058728824221265
0.0619218694480619
-0.028324705681499737
0.03547815436817636
0.019340166705859745
-0.1203191687996302
-0.08059608421640402
-0.07085810197463492
-0.03759453128026139
-0.030743466635687448
0.02575068258168142
0.08805539531725504
-0.027437271260062446
-0.003550624315352165
-0.0858506324951731
-0.06616826803378703
-0.03017014889819521
-0.09343106414117362
-0.004671788514744285
-0.0027168200606369035
0.03362908937232786
0.018385877228477884
-0.03323711294820694
0.011360219592320565
-0.050615857089657164
0.048045195112045316
0.07036650350999282
0.03542298598666225
-0.02103627323115243
0.014972910088939195
0.004604871844869608
-0.02505897126542047
0.10483958109650457
-0.04628880736868383
0.1021774177608738
0.01785243769912065
0.06190878840516927
0.0775996523851596
0.09415714732219212
-0.024704765039120974
-0.027758349257885305
0.04721030935547412
-0.02031650878891702
0.07150162135584795
0.04997270238968983
-0.04074550606015453
-0.04068794490444907
0.01590254322049344
0.057341774578656954
0.0609173746649895
0.025919754787067182
0.1027591364889196
-0.011862472140271895
-0.051162612913231
-0.07506485243624168
0.03968301931986934
0.008874214577192823
-0.06359713795356334
-0.022275626481960797
-0.015016190269055924
-0.08929715556301203
0.015339246462931777
0.026876391878738394
-0.06301943535506696
0.0508174885824074
0.07014873955560497
-0.05424939956486349
-0.032079473740455694
-0.08691039712184578
0.035926936941148645
-0.07642953666352825
-0.10290345486491512
0.0022483046593242163
-0.08428044503744792
0.026509991034866245
-0.09203843607782494
-0.08738644798712286
0.05379512541146527
-0.01710429685080977
-0.049098404539354316
-0.006324042924884754
0.018238281850711406
-0.08279042754914259
-0.11392251133953585
0.005646711564097247
-0.07860182888990286
-0.0013946381291568104
0.04326236516769126
0.034148516565173655
-0.08171747970297918
-0.08721926654937068
-0.06537664677477825
-0.014200143809163537
-0.043225567649631806
0.0746168816767359
-0.06794289379510969
0.08271810622706019
-0.061037533333391326
-0.06098569959659249
-0.09607962406500473
0.03748723778003439
-0.058172391647931754
0.006421468501925301
0.0028697417448631368
-0.10082991610740515
-0.011014306607163448
-0.03335862254241519
0.005269058779806966
-0.010603821224411877
-0.0344715134077404
0.062442707937939386
0.04845458662006656
0.03162238491753126
0.11427075417493526
0.010693483351600044
-0.02601496513975231
0.11065981106605455
0.03161239008227354
0.0219526303196812
-0.060664177954829646
-0.0659527475691793
0.0027794871309603716
-0.008194600144722598
-0.06151150265608342
-0.008779152142587461
-0.052848742458634655
0.06563305293516088
0.014326416696946346
-0.02561716764201431
0.04872306738238677
0.0006465092982253194
0.12224034464696493
0.10760378905971268
0.011185024349125973
0.06658940107449719
-0.0020615544175756687
-0.00721736424843334
0.005512265923834617
-0.04212731173025591
-0.07713354817602894
-0.017453658145753045
0.0802165808889453
0.051175182070283015
0.1086401617034746
-0.01798964628494395
0.015896483004002007
-0.0018031017843387048
0.1047911340732659
-0.08215636974169815
-0.013200958745500813
0.04249605742624206
-0.004828476483777237
0.04707018445169832
0.04485901424992913
-0.044890048281558285
-0.005843571713299152
0.06795361936532734
-0.03327996973362987
0.022120691288463872
-0.0739112454144857
-0.0021679353914463347
0.07484616890965574
-0.03085331382840864
-0.0983509055424484
-0.08912252894929054
-0.10856522904231203
0.019399752376188507
-0.09904331691433635
0.04324046934866392
-0.005709820368793328
-0.05913090726098694
-0.08724280363874337
0.0354172869002122
-0.09118279899567608
-0.009222793833792483
0.002770878512265637
0.06949114200674211
-0.05510991965012023
-0.08010993352414304
-0.10157435449599475
-0.10253006862049222
0.07889198113221514
0.0004635769102604038
0.07345564404196606
-0.004163228692345356
-0.10694437440528512
-0.08746851813599944
0.04644013149059278
-0.0442622467560503
0.07209123212449195
-0.0332295673146186
0.024832754119131214
-0.001450065425199438
-0.030213270994560656
-0.07847548313067092
0.008138559654164336
0.05638032361025749
-0.051062540613080465
0.012397243280938594
0.08135078865872143
0.05937463971636428
0.07616536078140086
-0.03244687589839604
0.06353126157286051
0.0493904727107572
0.09133858395002656
0.06592404866318954
0.09085271093692307
-0.046823421996572225
0.09419070281165712
0.04421927589661755
-0.06966687482346812
0.08011670515797605
0.10425469239352961
-0.03783953206972278
-0.004575355863366317
-0.02172890386723357
0.038049031559204805
-0.05028416776836592
0.09938259635616536
0.03406304747494087
-0.0012871970683480081
0.04266267431811001
-0.08119503359853876
0.07200396450764875
0.018634271422347092
-0.02728175298745286
-0.04304444838088536
-0.06994212852207822
0.040894443461193176
0.02554151773360192
-0.012147662073857098
0.09889059215449275
0.06632435107395653
0.09665717653614658
-0.03211886203540025
-0.07517051813658114
0.06563724478477967
0.038053017330893495
0.07848191886430485
0.05688966908882083
-0.05705645316715789
0.00813271762919995
-0.09839971646869765
-0.054409598467082564
0.06472532336389691
0.08170786477474887
-0.10617929428597188
-0.020305987941257174
-0.05127731004214442
0.010340173207327722
0.03930108335361775
-0.04492234608919499
0.017253108350358905
-0.10200717353811697
-0.032935403474583416
-0.027909283429465984
0.06474460308112373
-0.0889531158892904
-0.09636504921547008
-0.05356224707838453
-0.10588097538375352
-0.03422381300781781
-0.0820384719424501
-0.015621051241323968
0.049260916531735706
0.05914951081751213
-0.07963741152199849
-0.056476577063290845
0.08787212920403945
0.0774341171132217
-0.07806626225389374
0.05437528711249587
0.025676083121551063
-0.04871247651020051
-0.03339010765684649
-0.01492736105089178
-0.10259308660775004
-0.05404459054330552
-0.1046883354560516
-0.08958565648029827
-0.07015747898398045
-0.07005332702474885
0.08320490510070064
0.051503207501791985
-0.08024038829978086
0.046098922628793886
0.046966953369507035
-0.04941436222330982
-0.042804122374836134
0.07757051038347172
0.020873363121782687
0.10383247555731119
-0.03310761351477502
0.09669660601208074
-0.006946121596023246
-0.059569757813379344
0.02927406800575682
0.03163994445069363
-0.0874796488677892
0.04311124051311377
0.022828320842120883
-0.019297232039953115
-0.08374909694358415
0.0348720596014375
-0.0032129536694920392
-0.04554411445052957
-0.06485839163709847
0.08296396471340249
-0.025946716937868954
0.003578599120115815
-0.017016608994242875
0.028425943652938348
-0.08437258248222687
0.02843426333269318
0.06833897279604136
0.03395018885712256
0.0598978744122677
0.043075573576850455
-0.014730683649808375
0.001104262222307582
-0.06450311419554562
-0.08591733816076368
-0.02569075276004807
0.059952328368354416
0.01646680067319121
0.040035132676122555
-0.0320970408525517
-0.062324907782815235
-0.06607400101877145
-2.7625070692580134e-6
-0.05413705496875773
-0.03463029625494171
0.06759639022978278
-0.09854178554245695
0.06614569673716889
0.03975686234679068
0.05570758288429524
-0.021237288676776538
-0.09396364942270193
-0.08369352832817847
-0.09229664152308903
0.0476653789509771
0.03141850476917171
0.02336682670597019
0.07726102647702073
0.03558672778561726
-0.043224343685882065
0.061914788162657705
-0.040550131477671156
-0.10450825040432676
-0.10925397022090258
0.028053115795073417
-0.06935222875593128
0.0008311475791976213
0.049153108585437956
-0.03524396002463119
-0.037766625974777666
-0.004416855633836452
0.07679370621570558
0.017395259993584294
-0.0012136584021727858
-0.0898964776755736
0.06583572753809014
-0.0018367512263484558
-0.010255789446676048
-0.03821517560241715
-0.06670154309762108
0.07211503949386217
0.007481859073069759
0.018655480211531916
0.06681073286061624
-0.10081085787657947
-0.06312965968238084
0.01298954825091654
0.06772324459325522
-0.0350242406097942
-0.09797956067641846
-0.09080812886281865
-0.08418418253092391
0.09662636007756864
0.03455232952907239
0.00638907621634238
-0.06997698364505843
-0.030844031870435995
-0.07436151209728839
-0.01280787061569608
-0.04299356097022248
0.06618019695001984
0.03337825453362693
-0.07538113953692333
-0.07626255393793942
0.09390287329220048
-0.07530456233896585
0.003256933870923057
-0.04725478946013415
0.08957308342035492
0.08259059340410478
0.08592949440971873
-0.017557684571716387
0.024290035587224857
0.08257390720748613
0.0806100157621059
-0.028439306368448734
0.032696142124262695
-0.04772313756115886
-0.02286936308240032
-0.057021914112703735
-0.03614545197431204
-0.07346048052304237
0.09031803640193749
0.0876656964574064
0.0012460551782860338
-0.0012447271522805937
0.07300445639957087
0.07225736130145594
0.015806381455569903
-0.018211516189108108
-0.02389079299132452
0.024262775037813926
0.02956812926355943
0.0016897863496572875
